[gd_scene load_steps=14 format=2]

[ext_resource path="res://Player/Player.gd" type="Script" id=1]
[ext_resource path="res://Player/Player.tscn" type="PackedScene" id=2]
[ext_resource path="res://Terrain.tscn" type="PackedScene" id=3]
[ext_resource path="res://Target/Target.tscn" type="PackedScene" id=4]
[ext_resource path="res://Player/RayCast.gd" type="Script" id=5]
[ext_resource path="res://NPC/NPC.gd" type="Script" id=6]
[ext_resource path="res://NPC/NPC.tscn" type="PackedScene" id=7]
[ext_resource path="res://UI/Dialogue.gd" type="Script" id=8]
[ext_resource path="res://UI/UI.gd" type="Script" id=9]
[ext_resource path="res://Drone/Drone.tscn" type="PackedScene" id=10]

[sub_resource type="SpatialMaterial" id=1]
albedo_color = Color( 1, 0, 0, 1 )
emission_enabled = true
emission = Color( 1, 0, 0, 1 )
emission_energy = 4.0
emission_operator = 0
emission_on_uv2 = false

[sub_resource type="SphereMesh" id=2]
material = SubResource( 1 )
radius = 0.5
height = 1.0

[sub_resource type="SphereShape" id=3]
radius = 5.0

[node name="Game" type="Spatial"]

[node name="Player" parent="." instance=ExtResource( 2 )]
script = ExtResource( 1 )

[node name="Pivot" type="Position3D" parent="Player"]

[node name="Camera" type="Camera" parent="Player/Pivot"]
transform = Transform( -1, 5.65818e-08, -3.20891e-07, 0, 0.984808, 0.173648, 3.25841e-07, 0.173648, -0.984808, 0, 5, -8 )

[node name="RayCast" type="RayCast" parent="Player/Pivot"]
transform = Transform( 1, 0, 0, 0, 1, 0, 0, 0, 1, 0, 3, 2 )
enabled = true
cast_to = Vector3( 0, 0, 100 )
script = ExtResource( 5 )

[node name="Reticule" type="Position3D" parent="Player/Pivot/RayCast"]
transform = Transform( 1, 0, 0, 0, 1, 0, 0, 0, 1, 0, 0, 50 )

[node name="MeshInstance" type="MeshInstance" parent="Player/Pivot/RayCast/Reticule"]
mesh = SubResource( 2 )
material/0 = null

[node name="lowpoly_scene" parent="." instance=ExtResource( 3 )]
transform = Transform( 3, 0, 0, 0, 3, 0, 0, 0, 3, 0, 0, 0 )

[node name="Target_container" type="Spatial" parent="."]

[node name="Target" parent="Target_container" instance=ExtResource( 4 )]
transform = Transform( 0.939559, -0.0168765, 0.341971, 0.0158588, 0.999858, 0.00577211, -0.34202, 0, 0.939693, -40.5073, 1.07505, -9.84398 )

[node name="Target2" parent="Target_container" instance=ExtResource( 4 )]
transform = Transform( 0.919868, -0.195438, -0.34007, 0.16876, 0.979871, -0.106646, 0.354067, 0.04071, 0.934334, -25.6647, 4.19922, -41.4539 )

[node name="Target3" parent="Target_container" instance=ExtResource( 4 )]
transform = Transform( 0.919868, -0.195438, -0.34007, -0.290155, 0.244324, -0.925265, 0.263919, 0.949795, 0.168039, 10.8189, 0.959376, -27.4157 )

[node name="Target4" parent="Target_container" instance=ExtResource( 4 )]
transform = Transform( 0.919868, -0.195438, -0.34007, 0.16876, 0.979871, -0.106646, 0.354067, 0.04071, 0.934334, 4.98131, 3.01702, -3.18137 )

[node name="Target5" parent="Target_container" instance=ExtResource( 4 )]
transform = Transform( 0.919868, -0.195438, -0.34007, 0.16876, 0.979871, -0.106646, 0.354067, 0.04071, 0.934334, -50.5714, 7.89164, -25.9457 )

[node name="Drone_Conatiner" type="Spatial" parent="."]

[node name="Drone" parent="Drone_Conatiner" groups=[
"target",
] instance=ExtResource( 10 )]
transform = Transform( 1, 0, 0, 0, 1, 0, 0, 0, 1, 0, 20, 100 )

[node name="NPC" parent="." instance=ExtResource( 7 )]
transform = Transform( 1, 0, 0, 0, 1, 0, 0, 0, 1, 20.5239, 1.20626, 0 )
script = ExtResource( 6 )

[node name="Area" type="Area" parent="NPC"]
collision_layer = 2

[node name="CollisionShape" type="CollisionShape" parent="NPC/Area"]
transform = Transform( 1, 0, 0, 0, 1, 0, 0, 0, 1, 0.282127, 0, 0 )
shape = SubResource( 3 )

[node name="UI" type="CanvasLayer" parent="."]
script = ExtResource( 9 )

[node name="Damage" type="ColorRect" parent="UI"]
anchor_right = 1.0
anchor_bottom = 1.0
color = Color( 1, 0, 0, 0 )
__meta__ = {
"_edit_use_anchors_": false
}

[node name="Background" type="ColorRect" parent="UI"]
anchor_right = 1.0
margin_bottom = 30.0
color = Color( 0, 0, 0, 0.501961 )
__meta__ = {
"_edit_use_anchors_": false
}

[node name="Score" type="Label" parent="UI"]
margin_left = 10.0
margin_right = 510.0
margin_bottom = 31.0
text = "Score:
"
valign = 1
__meta__ = {
"_edit_use_anchors_": false
}

[node name="Time" type="Label" parent="UI"]
margin_left = 512.0
margin_right = 1014.0
margin_bottom = 31.0
text = "Timer: 00:00
"
align = 2
valign = 1
__meta__ = {
"_edit_use_anchors_": false
}

[node name="Timer" type="Timer" parent="UI"]
autostart = true

[node name="Dialogue" type="Control" parent="UI"]
visible = false
anchor_right = 1.0
anchor_bottom = 1.0
script = ExtResource( 8 )
__meta__ = {
"_edit_use_anchors_": false
}

[node name="Background" type="ColorRect" parent="UI/Dialogue"]
anchor_top = 1.0
anchor_right = 1.0
anchor_bottom = 1.0
margin_top = -30.0
color = Color( 0, 0, 0, 0.501961 )

[node name="Text" type="RichTextLabel" parent="UI/Dialogue"]
anchor_top = 1.0
anchor_right = 1.0
anchor_bottom = 1.0
margin_top = -20.0
margin_bottom = 10.0
bbcode_enabled = true
bbcode_text = "

"
text = "

"
__meta__ = {
"_edit_use_anchors_": false
}
[connection signal="body_entered" from="NPC/Area" to="NPC" method="_on_Area_body_entered"]
[connection signal="body_exited" from="NPC/Area" to="NPC" method="_on_Area_body_exited"]
[connection signal="timeout" from="UI/Timer" to="UI" method="_on_Timer_timeout"]
